1 5 2
2 5 4 3
3 2 4 9
4 2 5 8 9 3
5 6 7 8 4 2 1
6 17 16 7 5
7 16 15 10 8 5 6
8 7 10 9 4 5
9 11 3 4 8
10 15 14 13 11 8 7
11 13 12 9 10
12 13 21 22 11
13 20 21 12 11 10 14
14 15 20 13 10
15 16 19 20 14 10 7
16 17 18 19 15 7 6
17 18 16 6
18 34 19 16 17
19 18 34 33 20 15 16
20 19 33 32 31 21 13 14 15
21 20 31 23 22 12 13
22 21 23 12
23 31 24 22 21
24 31 26 25 23
25 26 24
26 28 27 25 24 31
27 28 26
28 29 27 26 31
29 48 28 31 32 30
30 38 48 29 32 37
31 32 29 28 26 24 23 21 20
32 37 30 29 31 20 33 35
33 34 35 32 20 19
34 36 33 19 18
35 36 37 32 33
36 37 35 34
37 36 38 30 32 35
38 39 46 47 48 30 37
39 40 43 45 46 38
40 41 43 39
41 42 43 40
42 41
43 41 44 45 39 40
44 43 45
45 43 44 39
46 39 47 38
47 46 48 38
48 38 47 29 30
49
50
